27 0 0 0 0 0 0 0 0 0 0 0 0 0 0 0 0 0 0 0 0 0 0 0 0 0 0 0 0 0 0 0 0 0 0 0 0 0 0 0 0 0 0 0 0 0 0 0 0 0 0 0 0 0 0 0 0 0 0 0 0 0 0 0
0 0 0 0 0 0 0 0 0 0 0 0 0 0 0 0 27 0 0 0 0 0 0 0 0 0 0 0 0 0 0 0 0 0 0 0 0 0 0 0 0 0 0 0 0 0 0 0 0 0 0 0 0 0 0 0 0 0 0 0 0 0 0 0
-81 81 0 0 0 0 0 0 0 0 0 0 0 0 0 0 -54 -27 0 0 0 0 0 0 0 0 0 0 0 0 0 0 0 0 0 0 0 0 0 0 0 0 0 0 0 0 0 0 0 0 0 0 0 0 0 0 0 0 0 0 0 0 0 0
54 -54 0 0 0 0 0 0 0 0 0 0 0 0 0 0 27 27 0 0 0 0 0 0 0 0 0 0 0 0 0 0 0 0 0 0 0 0 0 0 0 0 0 0 0 0 0 0 0 0 0 0 0 0 0 0 0 0 0 0 0 0 0 0
0 0 0 0 0 0 0 0 0 0 0 0 0 0 0 0 0 0 0 0 0 0 0 0 0 0 0 0 0 0 0 0 27 0 0 0 0 0 0 0 0 0 0 0 0 0 0 0 0 0 0 0 0 0 0 0 0 0 0 0 0 0 0 0
-1083 171 171 -27 0 0 0 0 0 0 0 0 1728 -576 -576 192 -171 0 27 0 0 0 0 0 0 0 0 0 0 0 0 0 -171 27 0 0 0 0 0 0 0 0 0 0 0 0 0 0 0 0 0 0 0 0 0 0 -972 324 324 -108 -324 108 108 -36
2337 -1425 -369 225 0 0 0 0 0 0 0 0 -4032 2880 1344 -960 342 171 -54 -27 0 0 0 0 0 0 0 0 0 0 0 0 288 -144 0 0 0 0 0 0 0 0 0 0 0 0 0 0 0 0 0 0 0 0 0 0 2268 -1620 -756 540 756 -540 -252 180
-1254 1254 198 -198 0 0 0 0 0 0 0 0 2304 -2304 -768 768 -171 -171 27 27 0 0 0 0 0 0 0 0 0 0 0 0 -144 144 0 0 0 0 0 0 0 0 0 0 0 0 0 0 0 0 0 0 0 0 0 0 -1296 1296 432 -432 -432 432 144 -144
-81 0 81 0 0 0 0 0 0 0 0 0 0 0 0 0 0 0 0 0 0 0 0 0 0 0 0 0 0 0 0 0 -54 0 -27 0 0 0 0 0 0 0 0 0 0 0 0 0 0 0 0 0 0 0 0 0 0 0 0 0 0 0 0 0
2337 -369 -1425 225 0 0 0 0 0 0 0 0 -4032 1344 2880 -960 288 0 -144 0 0 0 0 0 0 0 0 0 0 0 0 0 342 -54 171 -27 0 0 0 0 0 0 0 0 0 0 0 0 0 0 0 0 0 0 0 0 2268 -756 -1620 540 756 -252 -540 180
-4800 2832 2832 -1632 0 0 0 0 0 0 0 0 9408 -6720 -6720 4800 -576 -288 288 144 0 0 0 0 0 0 0 0 0 0 0 0 -576 288 -288 144 0 0 0 0 0 0 0 0 0 0 0 0 0 0 0 0 0 0 0 0 -5292 3780 3780 -2700 -1764 1260 1260 -900
2544 -2544 -1488 1488 0 0 0 0 0 0 0 0 -5376 5376 3840 -3840 288 288 -144 -144 0 0 0 0 0 0 0 0 0 0 0 0 288 -288 144 -144 0 0 0 0 0 0 0 0 0 0 0 0 0 0 0 0 0 0 0 0 3024 -3024 -2160 2160 1008 -1008 -720 720
54 0 -54 0 0 0 0 0 0 0 0 0 0 0 0 0 0 0 0 0 0 0 0 0 0 0 0 0 0 0 0 0 27 0 27 0 0 0 0 0 0 0 0 0 0 0 0 0 0 0 0 0 0 0 0 0 0 0 0 0 0 0 0 0
-1254 198 1254 -198 0 0 0 0 0 0 0 0 2304 -768 -2304 768 -144 0 144 0 0 0 0 0 0 0 0 0 0 0 0 0 -171 27 -171 27 0 0 0 0 0 0 0 0 0 0 0 0 0 0 0 0 0 0 0 0 -1296 432 1296 -432 -432 144 432 -144
2544 -1488 -2544 1488 0 0 0 0 0 0 0 0 -5376 3840 5376 -3840 288 144 -288 -144 0 0 0 0 0 0 0 0 0 0 0 0 288 -144 288 -144 0 0 0 0 0 0 0 0 0 0 0 0 0 0 0 0 0 0 0 0 3024 -2160 -3024 2160 1008 -720 -1008 720
-1344 1344 1344 -1344 0 0 0 0 0 0 0 0 3072 -3072 -3072 3072 -144 -144 144 144 0 0 0 0 0 0 0 0 0 0 0 0 -144 144 -144 144 0 0 0 0 0 0 0 0 0 0 0 0 0 0 0 0 0 0 0 0 -1728 1728 1728 -1728 -576 576 576 -576
0 0 0 0 0 0 0 0 0 0 0 0 0 0 0 0 0 0 0 0 0 0 0 0 0 0 0 0 0 0 0 0 0 0 0 0 0 0 0 0 0 0 0 0 0 0 0 0 27 0 0 0 0 0 0 0 0 0 0 0 0 0 0 0
-1083 171 0 0 171 -27 0 0 0 0 1728 -576 0 0 -576 192 -171 0 0 0 27 0 0 0 0 0 0 0 0 0 0 0 0 0 0 0 0 0 0 0 -972 324 -324 108 324 -108 108 -36 -171 27 0 0 0 0 0 0 0 0 0 0 0 0 0 0
2337 -1425 0 0 -369 225 0 0 0 0 -4032 2880 0 0 1344 -960 342 171 0 0 -54 -27 0 0 0 0 0 0 0 0 0 0 0 0 0 0 0 0 0 0 2268 -1620 756 -540 -756 540 -252 180 288 -144 0 0 0 0 0 0 0 0 0 0 0 0 0 0
-1254 1254 0 0 198 -198 0 0 0 0 2304 -2304 0 0 -768 768 -171 -171 0 0 27 27 0 0 0 0 0 0 0 0 0 0 0 0 0 0 0 0 0 0 -1296 1296 -432 432 432 -432 144 -144 -144 144 0 0 0 0 0 0 0 0 0 0 0 0 0 0
-1083 0 171 0 171 0 -27 0 0 1728 0 -576 0 -576 0 192 0 0 0 0 0 0 0 0 -972 -324 324 108 324 108 -108 -36 -171 0 0 0 27 0 0 0 0 0 0 0 0 0 0 0 -171 0 27 0 0 0 0 0 0 0 0 0 0 0 0 0
13718 -2166 -2166 342 -2166 342 342 -54 19008 -16704 -16704 9024 -16704 9024 9024 -4160 1083 0 -171 0 -171 0 27 0 6480 3024 -2160 -1008 -2160 -1008 720 336 1083 -171 0 0 -171 27 0 0 6480 -2160 3024 -1008 -2160 720 -1008 336 1083 -171 -171 27 0 0 0 0 6480 -2160 -2160 720 3024 -1008 -1008 336
-26353 14801 4161 -2337 4161 -2337 -657 369 -49536 47232 40704 -33024 40704 -33024 -21632 16768 -2166 -1083 342 171 342 171 -54 -27 -12096 -8640 4032 2880 4032 2880 -1344 -960 -1824 912 0 0 288 -144 0 0 -15120 10800 -7056 5040 5040 -3600 2352 -1680 -1824 912 288 -144 0 0 0 0 -15120 10800 5040 -3600 -7056 5040 2352 -1680
13718 -13718 -2166 2166 -2166 2166 342 -342 32256 -32256 -24576 24576 -24576 24576 12800 -12800 1083 1083 -171 -171 -171 -171 27 27 6912 6912 -2304 -2304 -2304 -2304 768 768 912 -912 0 0 -144 144 0 0 8640 -8640 4032 -4032 -2880 2880 -1344 1344 912 -912 -144 144 0 0 0 0 8640 -8640 -2880 2880 4032 -4032 -1344 1344
2337 0 -1425 0 -369 0 225 0 0 -4032 0 2880 0 1344 0 -960 0 0 0 0 0 0 0 0 2268 756 -1620 -540 -756 -252 540 180 342 0 171 0 -54 0 -27 0 0 0 0 0 0 0 0 0 288 0 -144 0 0 0 0 0 0 0 0 0 0 0 0 0
-26353 4161 14801 -2337 4161 -657 -2337 369 -49536 40704 47232 -33024 40704 -21632 -33024 16768 -1824 0 912 0 288 0 -144 0 -15120 -7056 10800 5040 5040 2352 -3600 -1680 -2166 342 -1083 171 342 -54 171 -27 -12096 4032 -8640 2880 4032 -1344 2880 -960 -1824 288 912 -144 0 0 0 0 -15120 5040 10800 -3600 -7056 2352 5040 -1680
49856 -27664 -27664 15200 -7872 4368 4368 -2400 127680 -118848 -118848 104640 -99008 79936 79936 -63680 3648 1824 -1824 -912 -576 -288 288 144 28224 20160 -20160 -14400 -9408 -6720 6720 4800 3648 -1824 1824 -912 -576 288 -288 144 28224 -20160 20160 -14400 -9408 6720 -6720 4800 3072 -1536 -1536 768 0 0 0 0 35280 -25200 -25200 18000 16464 -11760 -11760 8400
-25840 25840 14288 -14288 4080 -4080 -2256 2256 -82176 82176 74496 -74496 59648 -59648 -47872 47872 -1824 -1824 912 912 288 288 -144 -144 -16128 -16128 11520 11520 5376 5376 -3840 -3840 -1824 1824 -912 912 288 -288 144 -144 -16128 16128 -11520 11520 5376 -5376 3840 -3840 -1536 1536 768 -768 0 0 0 0 -20160 20160 14400 -14400 -9408 9408 6720 -6720
-1254 0 1254 0 198 0 -198 0 0 2304 0 -2304 0 -768 0 768 0 0 0 0 0 0 0 0 -1296 -432 1296 432 432 144 -432 -144 -171 0 -171 0 27 0 27 0 0 0 0 0 0 0 0 0 -144 0 144 0 0 0 0 0 0 0 0 0 0 0 0 0
13718 -2166 -13718 2166 -2166 342 2166 -342 32256 -24576 -32256 24576 -24576 12800 24576 -12800 912 0 -912 0 -144 0 144 0 8640 4032 -8640 -4032 -2880 -1344 2880 1344 1083 -171 1083 -171 -171 27 -171 27 6912 -2304 6912 -2304 -2304 768 -2304 768 912 -144 -912 144 0 0 0 0 8640 -2880 -8640 2880 4032 -1344 -4032 1344
-25840 14288 25840 -14288 4080 -2256 -4080 2256 -82176 74496 82176 -74496 59648 -47872 -59648 47872 -1824 -912 1824 912 288 144 -288 -144 -16128 -11520 16128 11520 5376 3840 -5376 -3840 -1824 912 -1824 912 288 -144 288 -144 -16128 11520 -16128 11520 5376 -3840 5376 -3840 -1536 768 1536 -768 0 0 0 0 -20160 14400 20160 -14400 -9408 6720 9408 -6720
13376 -13376 -13376 13376 -2112 2112 2112 -2112 52224 -52224 -52224 52224 -35840 35840 35840 -35840 912 912 -912 -912 -144 -144 144 144 9216 9216 -9216 -9216 -3072 -3072 3072 3072 912 -912 912 -912 -144 144 -144 144 9216 -9216 9216 -9216 -3072 3072 -3072 3072 768 -768 -768 768 0 0 0 0 11520 -11520 -11520 11520 5376 -5376 -5376 5376
-81 0 0 0 81 0 0 0 0 0 0 0 0 0 0 0 0 0 0 0 0 0 0 0 0 0 0 0 0 0 0 0 0 0 0 0 0 0 0 0 0 0 0 0 0 0 0 0 -54 0 0 0 -27 0 0 0 0 0 0 0 0 0 0 0
2337 -369 0 0 -1425 225 0 0 0 0 -4032 1344 0 0 2880 -960 288 0 0 0 -144 0 0 0 0 0 0 0 0 0 0 0 0 0 0 0 0 0 0 0 2268 -756 756 -252 -1620 540 -540 180 342 -54 0 0 171 -27 0 0 0 0 0 0 0 0 0 0
-4800 2832 0 0 2832 -1632 0 0 0 0 9408 -6720 0 0 -6720 4800 -576 -288 0 0 288 144 0 0 0 0 0 0 0 0 0 0 0 0 0 0 0 0 0 0 -5292 3780 -1764 1260 3780 -2700 1260 -900 -576 288 0 0 -288 144 0 0 0 0 0 0 0 0 0 0
2544 -2544 0 0 -1488 1488 0 0 0 0 -5376 5376 0 0 3840 -3840 288 288 0 0 -144 -144 0 0 0 0 0 0 0 0 0 0 0 0 0 0 0 0 0 0 3024 -3024 1008 -1008 -2160 2160 -720 720 288 -288 0 0 144 -144 0 0 0 0 0 0 0 0 0 0
2337 0 -369 0 -1425 0 225 0 0 -4032 0 1344 0 2880 0 -960 0 0 0 0 0 0 0 0 2268 756 -756 -252 -1620 -540 540 180 288 0 0 0 -144 0 0 0 0 0 0 0 0 0 0 0 342 0 -54 0 171 0 -27 0 0 0 0 0 0 0 0 0
-26353 4161 4161 -657 14801 -2337 -2337 369 -49536 40704 40704 -21632 47232 -33024 -33024 16768 -1824 0 288 0 912 0 -144 0 -15120 -7056 5040 2352 10800 5040 -3600 -1680 -1824 288 0 0 912 -144 0 0 -15120 5040 -7056 2352 10800 -3600 5040 -1680 -2166 342 342 -54 -1083 171 171 -27 -12096 4032 4032 -1344 -8640 2880 2880 -960
49856 -27664 -7872 4368 -27664 15200 4368 -2400 127680 -118848 -99008 79936 -118848 104640 79936 -63680 3648 1824 -576 -288 -1824 -912 288 144 28224 20160 -9408 -6720 -20160 -14400 6720 4800 3072 -1536 0 0 -1536 768 0 0 35280 -25200 16464 -11760 -25200 18000 -11760 8400 3648 -1824 -576 288 1824 -912 -288 144 28224 -20160 -9408 6720 20160 -14400 -6720 4800
-25840 25840 4080 -4080 14288 -14288 -2256 2256 -82176 82176 59648 -59648 74496 -74496 -47872 47872 -1824 -1824 288 288 912 912 -144 -144 -16128 -16128 5376 5376 11520 11520 -3840 -3840 -1536 1536 0 0 768 -768 0 0 -20160 20160 -9408 9408 14400 -14400 6720 -6720 -1824 1824 288 -288 -912 912 144 -144 -16128 16128 5376 -5376 -11520 11520 3840 -3840
-4800 0 2832 0 2832 0 -1632 0 0 9408 0 -6720 0 -6720 0 4800 0 0 0 0 0 0 0 0 -5292 -1764 3780 1260 3780 1260 -2700 -900 -576 0 -288 0 288 0 144 0 0 0 0 0 0 0 0 0 -576 0 288 0 -288 0 144 0 0 0 0 0 0 0 0 0
49856 -7872 -27664 4368 -27664 4368 15200 -2400 127680 -99008 -118848 79936 -118848 79936 104640 -63680 3072 0 -1536 0 -1536 0 768 0 35280 16464 -25200 -11760 -25200 -11760 18000 8400 3648 -576 1824 -288 -1824 288 -912 144 28224 -9408 20160 -6720 -20160 6720 -14400 4800 3648 -576 -1824 288 1824 -288 -912 144 28224 -9408 -20160 6720 20160 -6720 -14400 4800
-93184 51200 51200 -27904 51200 -27904 -27904 15104 -326144 297472 297472 -258560 297472 -258560 -258560 217600 -6144 -3072 3072 1536 3072 1536 -1536 -768 -65856 -47040 47040 33600 47040 33600 -33600 -24000 -6144 3072 -3072 1536 3072 -1536 1536 -768 -65856 47040 -47040 33600 47040 -33600 33600 -24000 -6144 3072 3072 -1536 -3072 1536 1536 -768 -65856 47040 47040 -33600 -47040 33600 33600 -24000
48128 -48128 -26368 26368 -26368 26368 14336 -14336 207872 -207872 -185344 185344 -185344 185344 158720 -158720 3072 3072 -1536 -1536 -1536 -1536 768 768 37632 37632 -26880 -26880 -26880 -26880 19200 19200 3072 -3072 1536 -1536 -1536 1536 -768 768 37632 -37632 26880 -26880 -26880 26880 -19200 19200 3072 -3072 -1536 1536 1536 -1536 -768 768 37632 -37632 -26880 26880 26880 -26880 -19200 19200
2544 0 -2544 0 -1488 0 1488 0 0 -5376 0 5376 0 3840 0 -3840 0 0 0 0 0 0 0 0 3024 1008 -3024 -1008 -2160 -720 2160 720 288 0 288 0 -144 0 -144 0 0 0 0 0 0 0 0 0 288 0 -288 0 144 0 -144 0 0 0 0 0 0 0 0 0
-25840 4080 25840 -4080 14288 -2256 -14288 2256 -82176 59648 82176 -59648 74496 -47872 -74496 47872 -1536 0 1536 0 768 0 -768 0 -20160 -9408 20160 9408 14400 6720 -14400 -6720 -1824 288 -1824 288 912 -144 912 -144 -16128 5376 -16128 5376 11520 -3840 11520 -3840 -1824 288 1824 -288 -912 144 912 -144 -16128 5376 16128 -5376 -11520 3840 11520 -3840
48128 -26368 -48128 26368 -26368 14336 26368 -14336 207872 -185344 -207872 185344 -185344 158720 185344 -158720 3072 1536 -3072 -1536 -1536 -768 1536 768 37632 26880 -37632 -26880 -26880 -19200 26880 19200 3072 -1536 3072 -1536 -1536 768 -1536 768 37632 -26880 37632 -26880 -26880 19200 -26880 19200 3072 -1536 -3072 1536 1536 -768 -1536 768 37632 -26880 -37632 26880 26880 -19200 -26880 19200
-24832 24832 24832 -24832 13568 -13568 -13568 13568 -131072 131072 131072 -131072 114688 -114688 -114688 114688 -1536 -1536 1536 1536 768 768 -768 -768 -21504 -21504 21504 21504 15360 15360 -15360 -15360 -1536 1536 -1536 1536 768 -768 768 -768 -21504 21504 -21504 21504 15360 -15360 15360 -15360 -1536 1536 1536 -1536 -768 768 768 -768 -21504 21504 21504 -21504 -15360 15360 15360 -15360
54 0 0 0 -54 0 0 0 0 0 0 0 0 0 0 0 0 0 0 0 0 0 0 0 0 0 0 0 0 0 0 0 0 0 0 0 0 0 0 0 0 0 0 0 0 0 0 0 27 0 0 0 27 0 0 0 0 0 0 0 0 0 0 0
-1254 198 0 0 1254 -198 0 0 0 0 2304 -768 0 0 -2304 768 -144 0 0 0 144 0 0 0 0 0 0 0 0 0 0 0 0 0 0 0 0 0 0 0 -1296 432 -432 144 1296 -432 432 -144 -171 27 0 0 -171 27 0 0 0 0 0 0 0 0 0 0
2544 -1488 0 0 -2544 1488 0 0 0 0 -5376 3840 0 0 5376 -3840 288 144 0 0 -288 -144 0 0 0 0 0 0 0 0 0 0 0 0 0 0 0 0 0 0 3024 -2160 1008 -720 -3024 2160 -1008 720 288 -144 0 0 288 -144 0 0 0 0 0 0 0 0 0 0
-1344 1344 0 0 1344 -1344 0 0 0 0 3072 -3072 0 0 -3072 3072 -144 -144 0 0 144 144 0 0 0 0 0 0 0 0 0 0 0 0 0 0 0 0 0 0 -1728 1728 -576 576 1728 -1728 576 -576 -144 144 0 0 -144 144 0 0 0 0 0 0 0 0 0 0
-1254 0 198 0 1254 0 -198 0 0 2304 0 -768 0 -2304 0 768 0 0 0 0 0 0 0 0 -1296 -432 432 144 1296 432 -432 -144 -144 0 0 0 144 0 0 0 0 0 0 0 0 0 0 0 -171 0 27 0 -171 0 27 0 0 0 0 0 0 0 0 0
13718 -2166 -2166 342 -13718 2166 2166 -342 32256 -24576 -24576 12800 -32256 24576 24576 -12800 912 0 -144 0 -912 0 144 0 8640 4032 -2880 -1344 -8640 -4032 2880 1344 912 -144 0 0 -912 144 0 0 8640 -2880 4032 -1344 -8640 2880 -4032 1344 1083 -171 -171 27 1083 -171 -171 27 6912 -2304 -2304 768 6912 -2304 -2304 768
-25840 14288 4080 -2256 25840 -14288 -4080 2256 -82176 74496 59648 -47872 82176 -74496 -59648 47872 -1824 -912 288 144 1824 912 -288 -144 -16128 -11520 5376 3840 16128 11520 -5376 -3840 -1536 768 0 0 1536 -768 0 0 -20160 14400 -9408 6720 20160 -14400 9408 -6720 -1824 912 288 -144 -1824 912 288 -144 -16128 11520 5376 -3840 -16128 11520 5376 -3840
13376 -13376 -2112 2112 -13376 13376 2112 -2112 52224 -52224 -35840 35840 -52224 52224 35840 -35840 912 912 -144 -144 -912 -912 144 144 9216 9216 -3072 -3072 -9216 -9216 3072 3072 768 -768 0 0 -768 768 0 0 11520 -11520 5376 -5376 -11520 11520 -5376 5376 912 -912 -144 144 912 -912 -144 144 9216 -9216 -3072 3072 9216 -9216 -3072 3072
2544 0 -1488 0 -2544 0 1488 0 0 -5376 0 3840 0 5376 0 -3840 0 0 0 0 0 0 0 0 3024 1008 -2160 -720 -3024 -1008 2160 720 288 0 144 0 -288 0 -144 0 0 0 0 0 0 0 0 0 288 0 -144 0 288 0 -144 0 0 0 0 0 0 0 0 0
-25840 4080 14288 -2256 25840 -4080 -14288 2256 -82176 59648 74496 -47872 82176 -59648 -74496 47872 -1536 0 768 0 1536 0 -768 0 -20160 -9408 14400 6720 20160 9408 -14400 -6720 -1824 288 -912 144 1824 -288 912 -144 -16128 5376 -11520 3840 16128 -5376 11520 -3840 -1824 288 912 -144 -1824 288 912 -144 -16128 5376 11520 -3840 -16128 5376 11520 -3840
48128 -26368 -26368 14336 -48128 26368 26368 -14336 207872 -185344 -185344 158720 -207872 185344 185344 -158720 3072 1536 -1536 -768 -3072 -1536 1536 768 37632 26880 -26880 -19200 -37632 -26880 26880 19200 3072 -1536 1536 -768 -3072 1536 -1536 768 37632 -26880 26880 -19200 -37632 26880 -26880 19200 3072 -1536 -1536 768 3072 -1536 -1536 768 37632 -26880 -26880 19200 37632 -26880 -26880 19200
-24832 24832 13568 -13568 24832 -24832 -13568 13568 -131072 131072 114688 -114688 131072 -131072 -114688 114688 -1536 -1536 768 768 1536 1536 -768 -768 -21504 -21504 15360 15360 21504 21504 -15360 -15360 -1536 1536 -768 768 1536 -1536 768 -768 -21504 21504 -15360 15360 21504 -21504 15360 -15360 -1536 1536 768 -768 -1536 1536 768 -768 -21504 21504 15360 -15360 -21504 21504 15360 -15360
-1344 0 1344 0 1344 0 -1344 0 0 3072 0 -3072 0 -3072 0 3072 0 0 0 0 0 0 0 0 -1728 -576 1728 576 1728 576 -1728 -576 -144 0 -144 0 144 0 144 0 0 0 0 0 0 0 0 0 -144 0 144 0 -144 0 144 0 0 0 0 0 0 0 0 0
13376 -2112 -13376 2112 -13376 2112 13376 -2112 52224 -35840 -52224 35840 -52224 35840 52224 -35840 768 0 -768 0 -768 0 768 0 11520 5376 -11520 -5376 -11520 -5376 11520 5376 912 -144 912 -144 -912 144 -912 144 9216 -3072 9216 -3072 -9216 3072 -9216 3072 912 -144 -912 144 912 -144 -912 144 9216 -3072 -9216 3072 9216 -3072 -9216 3072
-24832 13568 24832 -13568 24832 -13568 -24832 13568 -131072 114688 131072 -114688 131072 -114688 -131072 114688 -1536 -768 1536 768 1536 768 -1536 -768 -21504 -15360 21504 15360 21504 15360 -21504 -15360 -1536 768 -1536 768 1536 -768 1536 -768 -21504 15360 -21504 15360 21504 -15360 21504 -15360 -1536 768 1536 -768 -1536 768 1536 -768 -21504 15360 21504 -15360 -21504 15360 21504 -15360
12800 -12800 -12800 12800 -12800 12800 12800 -12800 81920 -81920 -81920 81920 -81920 81920 81920 -81920 768 768 -768 -768 -768 -768 768 768 12288 12288 -12288 -12288 -12288 -12288 12288 12288 768 -768 768 -768 -768 768 -768 768 12288 -12288 12288 -12288 -12288 12288 -12288 12288 768 -768 -768 768 768 -768 -768 768 12288 -12288 -12288 12288 12288 -12288 -12288 12288
