SPC water (256 molecules)                                                       
 ENERGY UNITS=kcal/mol 
       100  5.000000E-01        38
 -5.130182E+04  2.964016E+02 -6.932756E+04  4.093046E+03 -7.342060E+04
  0.000000E+00  0.000000E+00  0.000000E+00  0.000000E+00 -6.635381E+04
  0.000000E+00  5.214332E+04 -1.757776E+05  7.585436E+04  0.000000E+00
  0.000000E+00  1.520665E+05  0.000000E+00  2.366203E+05  0.000000E+00
  0.000000E+00  0.000000E+00  9.000000E+01  9.000000E+01  9.000000E+01
  0.000000E+00 -2.677351E+00  2.628616E+00  3.495898E+00  3.091549E+02
 -2.921417E+00  3.108554E+00 -2.921417E+00  3.038955E+02  1.698704E-02
  3.108554E+00  1.698704E-02  3.061252E+02
       200  1.000000E+00        38
 -4.293554E+04  3.220701E+02 -6.711565E+04  4.391477E+03 -7.150713E+04
  0.000000E+00  0.000000E+00  0.000000E+00  0.000000E+00 -6.222798E+04
  0.000000E+00  5.168975E+04 -1.799431E+05  7.515004E+04  0.000000E+00
  0.000000E+00  1.564828E+05  0.000000E+00  2.366203E+05  0.000000E+00
  0.000000E+00  0.000000E+00  9.000000E+01  9.000000E+01  9.000000E+01
  0.000000E+00 -2.429214E+00  5.398021E+00  6.571775E+00  3.011348E+02
 -1.308174E+00  3.087228E+00 -1.308174E+00  2.993692E+02 -1.378252E+00
  3.087228E+00 -1.378252E+00  3.184897E+02
       300  1.500000E+00        38
 -3.634064E+04  3.080659E+02 -6.818860E+04  4.347110E+03 -7.253571E+04
  0.000000E+00  0.000000E+00  0.000000E+00  0.000000E+00 -6.309816E+04
  0.000000E+00  4.819630E+04 -1.790616E+05  7.709852E+04  0.000000E+00
  0.000000E+00  1.501593E+05  0.000000E+00  2.366203E+05  0.000000E+00
  0.000000E+00  0.000000E+00  9.000000E+01  9.000000E+01  9.000000E+01
  0.000000E+00 -2.203243E+00  8.320993E+00  9.707469E+00  3.089736E+02
  2.962741E+00  5.721736E+00  2.962741E+00  3.085712E+02  4.450563E+00
  5.721736E+00  4.450563E+00  3.029401E+02
       400  2.000000E+00        38
 -2.814323E+04  3.020837E+02 -6.809920E+04  4.343088E+03 -7.244228E+04
  0.000000E+00  0.000000E+00  0.000000E+00  0.000000E+00 -6.496247E+04
  0.000000E+00  5.282498E+04 -1.791142E+05  7.987127E+04  0.000000E+00
  0.000000E+00  1.520679E+05  0.000000E+00  2.366203E+05  0.000000E+00
  0.000000E+00  0.000000E+00  9.000000E+01  9.000000E+01  9.000000E+01
  0.000000E+00 -2.697965E+00  1.146548E+01  1.298459E+01  3.081644E+02
  6.372916E-01 -2.633398E+00  6.372916E-01  3.089489E+02 -8.825737E-01
 -2.633398E+00 -8.825737E-01  3.039717E+02
       500  2.500000E+00        38
 -2.293669E+04  2.993588E+02 -7.081710E+04  4.679701E+03 -7.549680E+04
  0.000000E+00  0.000000E+00  0.000000E+00  0.000000E+00 -6.822609E+04
  0.000000E+00  5.390076E+04 -1.838846E+05  8.277719E+04  0.000000E+00
  0.000000E+00  1.550082E+05  0.000000E+00  2.366203E+05  0.000000E+00
  0.000000E+00  0.000000E+00  9.000000E+01  9.000000E+01  9.000000E+01
  0.000000E+00 -2.823570E+00  1.421241E+01  1.580419E+01  3.082843E+02
  5.970400E-01 -2.725324E+00  5.970400E-01  3.066740E+02  6.501773E-01
 -2.725324E+00  6.501773E-01  3.076083E+02
       600  3.000000E+00        38
 -1.523494E+04  3.109400E+02 -6.776102E+04  4.551043E+03 -7.231206E+04
  0.000000E+00  0.000000E+00  0.000000E+00  0.000000E+00 -6.264904E+04
  0.000000E+00  4.872381E+04 -1.820324E+05  7.681945E+04  0.000000E+00
  0.000000E+00  1.539367E+05  0.000000E+00  2.366203E+05  0.000000E+00
  0.000000E+00  0.000000E+00  9.000000E+01  9.000000E+01  9.000000E+01
  0.000000E+00 -2.231318E+00  1.689314E+01  1.849058E+01  3.055492E+02
 -4.476337E-01  5.199413E-02 -4.476337E-01  3.062831E+02  5.853214E-01
  5.199413E-02  5.853214E-01  3.094278E+02
       700  3.500000E+00        38
 -1.211171E+04  3.033143E+02 -7.061916E+04  4.587984E+03 -7.520715E+04
  0.000000E+00  0.000000E+00  0.000000E+00  0.000000E+00 -6.791350E+04
  0.000000E+00  5.437173E+04 -1.826578E+05  8.229814E+04  0.000000E+00
  0.000000E+00  1.547314E+05  0.000000E+00  2.366203E+05  0.000000E+00
  0.000000E+00  0.000000E+00  9.000000E+01  9.000000E+01  9.000000E+01
  0.000000E+00 -2.837576E+00  1.960443E+01  2.118412E+01  3.072209E+02
 -2.771065E+00  9.294025E-01 -2.771065E+00  3.057472E+02 -2.406177E-02
  9.294025E-01 -2.406177E-02  3.089735E+02
       800  4.000000E+00        38
 -4.458877E+03  3.054696E+02 -6.806197E+04  4.391157E+03 -7.245313E+04
  0.000000E+00  0.000000E+00  0.000000E+00  0.000000E+00 -6.369214E+04
  0.000000E+00  4.982326E+04 -1.796978E+05  7.531063E+04  0.000000E+00
  0.000000E+00  1.542104E+05  0.000000E+00  2.366203E+05  0.000000E+00
  0.000000E+00  0.000000E+00  9.000000E+01  9.000000E+01  9.000000E+01
  0.000000E+00 -2.381064E+00  2.242456E+01  2.407302E+01  3.094852E+02
  7.344147E-01  1.507467E+00  7.344147E-01  3.051144E+02  9.205354E-01
  1.507467E+00  9.205354E-01  3.049726E+02
       900  4.500000E+00        38
  1.566922E+03  3.178919E+02 -6.785928E+04  4.550196E+03 -7.240948E+04
  0.000000E+00  0.000000E+00  0.000000E+00  0.000000E+00 -6.273650E+04
  0.000000E+00  5.012364E+04 -1.821982E+05  7.504901E+04  0.000000E+00
  0.000000E+00  1.572728E+05  0.000000E+00  2.366203E+05  0.000000E+00
  0.000000E+00  0.000000E+00  9.000000E+01  9.000000E+01  9.000000E+01
  0.000000E+00 -2.311195E+00  2.495024E+01  2.660767E+01  3.041464E+02
  4.979465E+00  3.613789E+00  4.979465E+00  3.070347E+02  3.768975E+00
  3.613789E+00  3.768975E+00  3.088094E+02
      1000  5.000000E+00        38
  7.781032E+03  3.198559E+02 -6.836465E+04  4.368159E+03 -7.273281E+04
  0.000000E+00  0.000000E+00  0.000000E+00  0.000000E+00 -6.528282E+04
  0.000000E+00  5.665111E+04 -1.795647E+05  7.968087E+04  0.000000E+00
  0.000000E+00  1.565350E+05  0.000000E+00  2.366203E+05  0.000000E+00
  0.000000E+00  0.000000E+00  9.000000E+01  9.000000E+01  9.000000E+01
  0.000000E+00 -2.926078E+00  2.764632E+01  2.932595E+01  3.040534E+02
 -2.651814E+00 -1.312470E+00 -2.651814E+00  3.091962E+02  1.768378E+00
 -1.312470E+00  1.768378E+00  3.061099E+02
      1100  5.500000E+00        38
  1.895559E+04  3.119376E+02 -6.601390E+04  4.462572E+03 -7.047647E+04
  0.000000E+00  0.000000E+00  0.000000E+00  0.000000E+00 -6.103245E+04
  0.000000E+00  4.932091E+04 -1.809091E+05  8.021307E+04  0.000000E+00
  0.000000E+00  1.500169E+05  0.000000E+00  2.366203E+05  0.000000E+00
  0.000000E+00  0.000000E+00  9.000000E+01  9.000000E+01  9.000000E+01
  0.000000E+00 -2.281053E+00  3.059025E+01  3.234936E+01  3.074867E+02
 -1.123142E+00 -1.126781E+00 -1.123142E+00  3.052317E+02 -4.528958E+00
 -1.126781E+00 -4.528958E+00  3.096109E+02
      1200  6.000000E+00        38
  2.377636E+04  2.955782E+02 -7.054368E+04  4.475719E+03 -7.501940E+04
  0.000000E+00  0.000000E+00  0.000000E+00  0.000000E+00 -6.834185E+04
  0.000000E+00  5.428940E+04 -1.812326E+05  8.068101E+04  0.000000E+00
  0.000000E+00  1.548410E+05  0.000000E+00  2.366203E+05  0.000000E+00
  0.000000E+00  0.000000E+00  9.000000E+01  9.000000E+01  9.000000E+01
  0.000000E+00 -2.891204E+00  3.366857E+01  3.545352E+01  3.046290E+02
 -1.172542E+00  3.854888E-01 -1.172542E+00  3.081988E+02 -4.501048E-01
  3.854888E-01 -4.501048E-01  3.083421E+02
      1300  6.500000E+00        38
  3.305274E+04  3.193919E+02 -6.701949E+04  4.106924E+03 -7.112642E+04
  0.000000E+00  0.000000E+00  0.000000E+00  0.000000E+00 -6.022091E+04
  0.000000E+00  4.540526E+04 -1.759625E+05  7.242632E+04  0.000000E+00
  0.000000E+00  1.489414E+05  0.000000E+00  2.366203E+05  0.000000E+00
  0.000000E+00  0.000000E+00  9.000000E+01  9.000000E+01  9.000000E+01
  0.000000E+00 -1.843487E+00  3.648533E+01  3.823476E+01  3.054666E+02
 -1.802227E-01  5.208606E-01 -1.802227E-01  3.083960E+02  6.082827E+00
  5.208606E-01  6.082827E+00  3.055436E+02
      1400  7.000000E+00        38
  3.792178E+04  3.082471E+02 -6.913906E+04  4.732705E+03 -7.387177E+04
  0.000000E+00  0.000000E+00  0.000000E+00  0.000000E+00 -6.138858E+04
  0.000000E+00  4.025350E+04 -1.848162E+05  7.184599E+04  0.000000E+00
  0.000000E+00  1.532237E+05  0.000000E+00  2.366203E+05  0.000000E+00
  0.000000E+00  0.000000E+00  9.000000E+01  9.000000E+01  9.000000E+01
  0.000000E+00 -1.434571E+00  3.885773E+01  4.061863E+01  3.070582E+02
 -1.911282E-01  1.486792E+00 -1.911282E-01  3.066757E+02 -1.163100E-01
  1.486792E+00 -1.163100E-01  3.066567E+02
      1500  7.500000E+00        38
  4.707048E+04  2.957030E+02 -6.786807E+04  4.172905E+03 -7.204097E+04
  0.000000E+00  0.000000E+00  0.000000E+00  0.000000E+00 -6.518319E+04
  0.000000E+00  5.286598E+04 -1.770021E+05  7.645420E+04  0.000000E+00
  0.000000E+00  1.534139E+05  0.000000E+00  2.366203E+05  0.000000E+00
  0.000000E+00  0.000000E+00  9.000000E+01  9.000000E+01  9.000000E+01
  0.000000E+00 -2.752716E+00  4.134128E+01  4.296443E+01  3.121635E+02
 -2.257037E+00  7.793022E-01 -2.257037E+00  3.009807E+02  6.293121E-01
  7.793022E-01  6.293121E-01  3.056990E+02
      1600  8.000000E+00        38
  5.478306E+04  3.295979E+02 -6.773177E+04  4.283906E+03 -7.201568E+04
  0.000000E+00  0.000000E+00  0.000000E+00  0.000000E+00 -6.012591E+04
  0.000000E+00  4.508605E+04 -1.783454E+05  7.529869E+04  0.000000E+00
  0.000000E+00  1.481328E+05  0.000000E+00  2.366203E+05  0.000000E+00
  0.000000E+00  0.000000E+00  9.000000E+01  9.000000E+01  9.000000E+01
  0.000000E+00 -1.731413E+00  4.406702E+01  4.566299E+01  3.042878E+02
 -1.656205E+00  2.653952E+00 -1.656205E+00  3.087371E+02 -1.440867E+00
  2.653952E+00 -1.440867E+00  3.078641E+02
      1700  8.500000E+00        38
  6.148309E+04  3.053014E+02 -6.839561E+04  4.746700E+03 -7.314231E+04
  0.000000E+00  0.000000E+00  0.000000E+00  0.000000E+00 -6.206490E+04
  0.000000E+00  4.390592E+04 -1.846359E+05  7.265250E+04  0.000000E+00
  0.000000E+00  1.558893E+05  0.000000E+00  2.366203E+05  0.000000E+00
  0.000000E+00  0.000000E+00  9.000000E+01  9.000000E+01  9.000000E+01
  0.000000E+00 -1.810823E+00  4.652596E+01  4.822321E+01  3.071554E+02
 -5.491618E-01  4.681405E+00 -5.491618E-01  3.089486E+02 -3.108871E-01
  4.681405E+00 -3.108871E-01  3.043869E+02
      1800  9.000000E+00        38
  6.492793E+04  3.033196E+02 -7.025274E+04  4.154820E+03 -7.440756E+04
  0.000000E+00  0.000000E+00  0.000000E+00  0.000000E+00 -6.626223E+04
  0.000000E+00  5.051827E+04 -1.766512E+05  7.455891E+04  0.000000E+00
  0.000000E+00  1.526106E+05  0.000000E+00  2.366203E+05  0.000000E+00
  0.000000E+00  0.000000E+00  9.000000E+01  9.000000E+01  9.000000E+01
  0.000000E+00 -2.465312E+00  4.927300E+01  5.102889E+01  3.077642E+02
  3.161729E+00  1.052763E+00  3.161729E+00  3.082918E+02 -3.839652E-01
  1.052763E+00 -3.839652E-01  3.021686E+02
      1900  9.500000E+00        38
  7.153817E+04  3.150641E+02 -6.806785E+04  4.531791E+03 -7.259964E+04
  0.000000E+00  0.000000E+00  0.000000E+00  0.000000E+00 -5.969205E+04
  0.000000E+00  3.978200E+04 -1.818390E+05  7.174271E+04  0.000000E+00
  0.000000E+00  1.498783E+05  0.000000E+00  2.366203E+05  0.000000E+00
  0.000000E+00  0.000000E+00  9.000000E+01  9.000000E+01  9.000000E+01
  0.000000E+00 -1.334762E+00  5.209005E+01  5.386555E+01  3.067910E+02
 -8.987033E-02 -2.243501E+00 -8.987033E-02  3.055730E+02 -2.516470E+00
 -2.243501E+00 -2.516470E+00  3.081747E+02
      2000  1.000000E+01        38
  7.816015E+04  3.060704E+02 -6.829788E+04  4.595626E+03 -7.289351E+04
  0.000000E+00  0.000000E+00  0.000000E+00  0.000000E+00 -6.210517E+04
  0.000000E+00  4.447837E+04 -1.828874E+05  7.437361E+04  0.000000E+00
  0.000000E+00  1.529921E+05  0.000000E+00  2.366203E+05  0.000000E+00
  0.000000E+00  0.000000E+00  9.000000E+01  9.000000E+01  9.000000E+01
  0.000000E+00 -1.859996E+00  5.520472E+01  5.698606E+01  3.077135E+02
 -2.427540E+00  1.260303E+00 -2.427540E+00  3.058589E+02  3.762177E-01
  1.260303E+00  3.762177E-01  3.073929E+02
      2100  1.050000E+01        38
  8.345929E+04  3.211677E+02 -6.923284E+04  4.229671E+03 -7.346251E+04
  0.000000E+00  0.000000E+00  0.000000E+00  0.000000E+00 -6.554065E+04
  0.000000E+00  5.509029E+04 -1.778583E+05  7.941184E+04  0.000000E+00
  0.000000E+00  1.535368E+05  0.000000E+00  2.366203E+05  0.000000E+00
  0.000000E+00  0.000000E+00  9.000000E+01  9.000000E+01  9.000000E+01
  0.000000E+00 -2.764870E+00  5.814093E+01  5.977983E+01  3.145798E+02
 -2.003001E+00 -1.709754E-02 -2.003001E+00  3.035304E+02 -1.175372E+00
 -1.709754E-02 -1.175372E+00  3.015660E+02
      2200  1.100000E+01        38
  9.277152E+04  2.927163E+02 -7.004574E+04  4.581623E+03 -7.462736E+04
  0.000000E+00  0.000000E+00  0.000000E+00  0.000000E+00 -6.623407E+04
  0.000000E+00  4.887028E+04 -1.825113E+05  7.632911E+04  0.000000E+00
  0.000000E+00  1.550525E+05  0.000000E+00  2.366203E+05  0.000000E+00
  0.000000E+00  0.000000E+00  9.000000E+01  9.000000E+01  9.000000E+01
  0.000000E+00 -2.390530E+00  6.111451E+01  6.277368E+01  3.093449E+02
 -5.967913E-01  5.344164E+00 -5.967913E-01  3.052983E+02 -1.054879E+00
  5.344164E+00 -1.054879E+00  3.051358E+02
      2300  1.150000E+01        38
  1.011824E+05  3.178342E+02 -6.701603E+04  4.300300E+03 -7.131633E+04
  0.000000E+00  0.000000E+00  0.000000E+00  0.000000E+00 -6.202944E+04
  0.000000E+00  5.052031E+04 -1.787326E+05  7.829364E+04  0.000000E+00
  0.000000E+00  1.509593E+05  0.000000E+00  2.366203E+05  0.000000E+00
  0.000000E+00  0.000000E+00  9.000000E+01  9.000000E+01  9.000000E+01
  0.000000E+00 -2.349971E+00  6.396633E+01  6.553828E+01  3.067960E+02
  1.742818E+00  3.185827E+00  1.742818E+00  3.048989E+02  1.539990E+00
  3.185827E+00  1.539990E+00  3.099654E+02
      2400  1.200000E+01        38
  1.066273E+05  3.024878E+02 -6.934862E+04  4.654022E+03 -7.400264E+04
  0.000000E+00  0.000000E+00  0.000000E+00  0.000000E+00 -6.403441E+04
  0.000000E+00  4.637580E+04 -1.836197E+05  7.574999E+04  0.000000E+00
  0.000000E+00  1.542455E+05  0.000000E+00  2.366203E+05  0.000000E+00
  0.000000E+00  0.000000E+00  9.000000E+01  9.000000E+01  9.000000E+01
  0.000000E+00 -2.071795E+00  6.643924E+01  6.812350E+01  3.089390E+02
 -2.170672E+00 -1.143724E+00 -2.170672E+00  3.060190E+02 -2.558062E+00
 -1.143724E+00 -2.558062E+00  3.051862E+02
      2500  1.250000E+01        38
  1.128794E+05  2.969922E+02 -7.013893E+04  4.249521E+03 -7.438845E+04
  0.000000E+00  0.000000E+00  0.000000E+00  0.000000E+00 -6.652863E+04
  0.000000E+00  5.035536E+04 -1.778741E+05  7.470857E+04  0.000000E+00
  0.000000E+00  1.535208E+05  0.000000E+00  2.366203E+05  0.000000E+00
  0.000000E+00  0.000000E+00  9.000000E+01  9.000000E+01  9.000000E+01
  0.000000E+00 -2.499942E+00  6.943294E+01  7.109058E+01  3.066648E+02
 -2.249309E+00  6.664657E-01 -2.249309E+00  3.039187E+02 -5.271336E+00
  6.664657E-01 -5.271336E+00  3.077011E+02
      2600  1.300000E+01        38
  1.208620E+05  3.086176E+02 -6.928006E+04  4.464292E+03 -7.374435E+04
  0.000000E+00  0.000000E+00  0.000000E+00  0.000000E+00 -6.320757E+04
  0.000000E+00  4.536381E+04 -1.808020E+05  7.373404E+04  0.000000E+00
  0.000000E+00  1.524318E+05  0.000000E+00  2.366203E+05  0.000000E+00
  0.000000E+00  0.000000E+00  9.000000E+01  9.000000E+01  9.000000E+01
  0.000000E+00 -1.925248E+00  7.210882E+01  7.388353E+01  3.049301E+02
 -1.305837E+00  1.093388E-02 -1.305837E+00  3.033503E+02 -3.756737E-01
  1.093388E-02 -3.756737E-01  3.113514E+02
      2700  1.350000E+01        38
  1.283234E+05  3.096218E+02 -6.830602E+04  4.378603E+03 -7.268462E+04
  0.000000E+00  0.000000E+00  0.000000E+00  0.000000E+00 -6.412219E+04
  0.000000E+00  5.123671E+04 -1.796234E+05  7.719764E+04  0.000000E+00
  0.000000E+00  1.536625E+05  0.000000E+00  2.366203E+05  0.000000E+00
  0.000000E+00  0.000000E+00  9.000000E+01  9.000000E+01  9.000000E+01
  0.000000E+00 -2.484543E+00  7.507997E+01  7.679955E+01  3.048053E+02
  1.012467E+00 -2.826128E-01  1.012467E+00  3.048086E+02  2.097222E+00
 -2.826128E-01  2.097222E+00  3.104126E+02
      2800  1.400000E+01        38
  1.373416E+05  3.054220E+02 -6.669693E+04  4.502864E+03 -7.119979E+04
  0.000000E+00  0.000000E+00  0.000000E+00  0.000000E+00 -6.038653E+04
  0.000000E+00  4.399174E+04 -1.813286E+05  7.355507E+04  0.000000E+00
  0.000000E+00  1.517653E+05  0.000000E+00  2.366203E+05  0.000000E+00
  0.000000E+00  0.000000E+00  9.000000E+01  9.000000E+01  9.000000E+01
  0.000000E+00 -1.818152E+00  7.793204E+01  7.967141E+01  3.068622E+02
  8.334532E-01  4.109288E-01  8.334532E-01  3.054167E+02 -2.004203E-01
  4.109288E-01 -2.004203E-01  3.083550E+02
      2900  1.450000E+01        38
  1.417060E+05  3.073118E+02 -7.009542E+04  4.505308E+03 -7.460073E+04
  0.000000E+00  0.000000E+00  0.000000E+00  0.000000E+00 -6.568937E+04
  0.000000E+00  5.009411E+04 -1.813644E+05  7.771598E+04  0.000000E+00
  0.000000E+00  1.537425E+05  0.000000E+00  2.366203E+05  0.000000E+00
  0.000000E+00  0.000000E+00  9.000000E+01  9.000000E+01  9.000000E+01
  0.000000E+00 -2.392562E+00  8.056952E+01  8.246140E+01  3.071143E+02
 -3.521664E-01 -1.731442E-01 -3.521664E-01  3.068991E+02  1.268863E+00
 -1.731442E-01  1.268863E+00  3.063303E+02
      3000  1.500000E+01        38
  1.494887E+05  3.036295E+02 -6.834929E+04  4.563276E+03 -7.291256E+04
  0.000000E+00  0.000000E+00  0.000000E+00  0.000000E+00 -6.154710E+04
  0.000000E+00  4.214707E+04 -1.821666E+05  7.167561E+04  0.000000E+00
  0.000000E+00  1.526381E+05  0.000000E+00  2.366203E+05  0.000000E+00
  0.000000E+00  0.000000E+00  9.000000E+01  9.000000E+01  9.000000E+01
  0.000000E+00 -1.654236E+00  8.326756E+01  8.506345E+01  3.037166E+02
  6.225668E-01 -1.046612E+00  6.225668E-01  3.090536E+02  2.941755E-01
 -1.046612E+00  2.941755E-01  3.063783E+02
      3100  1.550000E+01        38
  1.550527E+05  3.022911E+02 -7.013866E+04  4.361000E+03 -7.449966E+04
  0.000000E+00  0.000000E+00  0.000000E+00  0.000000E+00 -6.765691E+04
  0.000000E+00  5.483265E+04 -1.792155E+05  7.783076E+04  0.000000E+00
  0.000000E+00  1.562174E+05  0.000000E+00  2.366203E+05  0.000000E+00
  0.000000E+00  0.000000E+00  9.000000E+01  9.000000E+01  9.000000E+01
  0.000000E+00 -2.890244E+00  8.609764E+01  8.790489E+01  3.043823E+02
  1.929146E+00  2.741267E+00  1.929146E+00  3.027417E+02 -1.987397E+00
  2.741267E+00 -1.987397E+00  3.128773E+02
      3200  1.600000E+01        38
  1.644237E+05  3.093814E+02 -6.789342E+04  4.316097E+03 -7.220952E+04
  0.000000E+00  0.000000E+00  0.000000E+00  0.000000E+00 -6.264552E+04
  0.000000E+00  4.799495E+04 -1.786314E+05  7.236335E+04  0.000000E+00
  0.000000E+00  1.542630E+05  0.000000E+00  2.366203E+05  0.000000E+00
  0.000000E+00  0.000000E+00  9.000000E+01  9.000000E+01  9.000000E+01
  0.000000E+00 -2.173320E+00  8.875556E+01  9.049574E+01  3.030217E+02
  1.289991E+00  3.896724E+00  1.289991E+00  3.037300E+02 -4.540303E-01
  3.896724E+00 -4.540303E-01  3.122726E+02
      3300  1.650000E+01        38
  1.713052E+05  3.089974E+02 -6.776160E+04  4.605604E+03 -7.236720E+04
  0.000000E+00  0.000000E+00  0.000000E+00  0.000000E+00 -5.986791E+04
  0.000000E+00  3.997844E+04 -1.829748E+05  7.136479E+04  0.000000E+00
  0.000000E+00  1.515885E+05  0.000000E+00  2.366203E+05  0.000000E+00
  0.000000E+00  0.000000E+00  9.000000E+01  9.000000E+01  9.000000E+01
  0.000000E+00 -1.402030E+00  9.141766E+01  9.316896E+01  3.054481E+02
  6.408277E-01 -7.751789E-01  6.408277E-01  3.081114E+02  2.218251E-01
 -7.751789E-01  2.218251E-01  3.069894E+02
      3400  1.700000E+01        38
  1.778228E+05  3.085522E+02 -6.769733E+04  4.409241E+03 -7.210657E+04
  0.000000E+00  0.000000E+00  0.000000E+00  0.000000E+00 -6.191231E+04
  0.000000E+00  4.621277E+04 -1.800587E+05  7.564776E+04  0.000000E+00
  0.000000E+00  1.506237E+05  0.000000E+00  2.366203E+05  0.000000E+00
  0.000000E+00  0.000000E+00  9.000000E+01  9.000000E+01  9.000000E+01
  0.000000E+00 -2.007773E+00  9.392740E+01  9.577434E+01  3.073675E+02
 -5.041623E-01 -1.663302E+00 -5.041623E-01  3.074903E+02  1.556382E+00
 -1.663302E+00  1.556382E+00  3.063478E+02
      3500  1.750000E+01        38
  1.822535E+05  3.108502E+02 -6.975137E+04  4.740990E+03 -7.449236E+04
  0.000000E+00  0.000000E+00  0.000000E+00  0.000000E+00 -6.532907E+04
  0.000000E+00  5.077432E+04 -1.847095E+05  8.021332E+04  0.000000E+00
  0.000000E+00  1.552705E+05  0.000000E+00  2.366203E+05  0.000000E+00
  0.000000E+00  0.000000E+00  9.000000E+01  9.000000E+01  9.000000E+01
  0.000000E+00 -2.430101E+00  9.662872E+01  9.840311E+01  3.060010E+02
  3.018538E-01  2.961972E+00  3.018538E-01  3.070506E+02 -3.965696E+00
  2.961972E+00 -3.965696E+00  3.090423E+02
      3600  1.800000E+01        38
  1.892385E+05  2.959530E+02 -7.020756E+04  4.499011E+03 -7.470657E+04
  0.000000E+00  0.000000E+00  0.000000E+00  0.000000E+00 -6.685796E+04
  0.000000E+00  5.092334E+04 -1.814184E+05  7.497655E+04  0.000000E+00
  0.000000E+00  1.573652E+05  0.000000E+00  2.366203E+05  0.000000E+00
  0.000000E+00  0.000000E+00  9.000000E+01  9.000000E+01  9.000000E+01
  0.000000E+00 -2.563078E+00  9.948270E+01  1.013144E+02  3.053193E+02
 -3.819686E+00  7.251891E-01 -3.819686E+00  3.115581E+02  3.350683E+00
  7.251891E-01  3.350683E+00  3.020521E+02
      3700  1.850000E+01        38
  1.978287E+05  3.096091E+02 -6.874311E+04  4.441035E+03 -7.318415E+04
  0.000000E+00  0.000000E+00  0.000000E+00  0.000000E+00 -6.449727E+04
  0.000000E+00  5.104801E+04 -1.808787E+05  7.580837E+04  0.000000E+00
  0.000000E+00  1.561183E+05  0.000000E+00  2.366203E+05  0.000000E+00
  0.000000E+00  0.000000E+00  9.000000E+01  9.000000E+01  9.000000E+01
  0.000000E+00 -2.466417E+00  1.022781E+02  1.041804E+02  2.991023E+02
 -1.270371E+00 -7.255373E-01 -1.270371E+00  3.138040E+02  3.587587E+00
 -7.255373E-01  3.587587E+00  3.067782E+02
      3800  1.900000E+01        38
  2.036956E+05  3.070039E+02 -6.893351E+04  4.633139E+03 -7.356665E+04
  0.000000E+00  0.000000E+00  0.000000E+00  0.000000E+00 -6.333011E+04
  0.000000E+00  4.643860E+04 -1.833828E+05  7.615489E+04  0.000000E+00
  0.000000E+00  1.536665E+05  0.000000E+00  2.366203E+05  0.000000E+00
  0.000000E+00  0.000000E+00  9.000000E+01  9.000000E+01  9.000000E+01
  0.000000E+00 -2.041912E+00  1.048963E+02  1.068159E+02  3.077154E+02
 -4.105351E+00 -2.713937E-01 -4.105351E+00  3.076710E+02 -1.902469E+00
 -2.713937E-01 -1.902469E+00  3.056244E+02
      3900  1.950000E+01        38
  2.136696E+05  2.953875E+02 -6.792694E+04  4.075198E+03 -7.200214E+04
  0.000000E+00  0.000000E+00  0.000000E+00  0.000000E+00 -6.327567E+04
  0.000000E+00  4.690180E+04 -1.752784E+05  7.003002E+04  0.000000E+00
  0.000000E+00  1.521502E+05  0.000000E+00  2.366203E+05  0.000000E+00
  0.000000E+00  0.000000E+00  9.000000E+01  9.000000E+01  9.000000E+01
  0.000000E+00 -2.179123E+00  1.079026E+02  1.097822E+02  3.063692E+02
 -1.198321E+00 -1.804532E+00 -1.198321E+00  3.053491E+02 -2.672699E+00
 -1.804532E+00 -2.672699E+00  3.053411E+02
      4000  2.000000E+01        38
  2.181862E+05  3.105404E+02 -7.085940E+04  4.504497E+03 -7.536390E+04
  0.000000E+00  0.000000E+00  0.000000E+00  0.000000E+00 -6.644494E+04
  0.000000E+00  5.073403E+04 -1.815878E+05  7.792732E+04  0.000000E+00
  0.000000E+00  1.543945E+05  0.000000E+00  2.366203E+05  0.000000E+00
  0.000000E+00  0.000000E+00  9.000000E+01  9.000000E+01  9.000000E+01
  0.000000E+00 -2.428675E+00  1.106626E+02  1.126127E+02  3.045577E+02
 -4.933431E+00  8.586271E-01 -4.933431E+00  3.100299E+02 -1.686415E+00
  8.586271E-01 -1.686415E+00  3.056085E+02
      4100  2.050000E+01        38
  2.237797E+05  3.200252E+02 -6.967876E+04  4.611164E+03 -7.428993E+04
  0.000000E+00  0.000000E+00  0.000000E+00  0.000000E+00 -6.337306E+04
  0.000000E+00  4.701437E+04 -1.830461E+05  7.788168E+04  0.000000E+00
  0.000000E+00  1.521788E+05  0.000000E+00  2.366203E+05  0.000000E+00
  0.000000E+00  0.000000E+00  9.000000E+01  9.000000E+01  9.000000E+01
  0.000000E+00 -1.993877E+00  1.133698E+02  1.152163E+02  3.064997E+02
  3.684048E-01  2.415522E-01  3.684048E-01  3.064055E+02 -1.550335E+00
  2.415522E-01 -1.550335E+00  3.088778E+02
      4200  2.100000E+01        38
  2.342915E+05  3.062968E+02 -6.865348E+04  4.092909E+03 -7.274639E+04
  0.000000E+00  0.000000E+00  0.000000E+00  0.000000E+00 -6.802288E+04
  0.000000E+00  6.121136E+04 -1.758743E+05  8.295712E+04  0.000000E+00
  0.000000E+00  1.541286E+05  0.000000E+00  2.366203E+05  0.000000E+00
  0.000000E+00  0.000000E+00  9.000000E+01  9.000000E+01  9.000000E+01
  0.000000E+00 -3.474504E+00  1.159848E+02  1.180281E+02  3.038859E+02
  2.449568E+00  2.749313E+00  2.449568E+00  3.055944E+02  2.286429E+00
  2.749313E+00  2.286429E+00  3.103226E+02
      4300  2.150000E+01        38
  2.419302E+05  3.104719E+02 -6.852252E+04  4.564653E+03 -7.308717E+04
  0.000000E+00  0.000000E+00  0.000000E+00  0.000000E+00 -6.305481E+04
  0.000000E+00  4.756019E+04 -1.820995E+05  7.708481E+04  0.000000E+00
  0.000000E+00  1.525748E+05  0.000000E+00  2.366203E+05  0.000000E+00
  0.000000E+00  0.000000E+00  9.000000E+01  9.000000E+01  9.000000E+01
  0.000000E+00 -2.122645E+00  1.189196E+02  1.208147E+02  3.076509E+02
 -1.391711E-01 -1.452573E-02 -1.391711E-01  3.058779E+02 -2.989947E+00
 -1.452573E-02 -2.989947E+00  3.069147E+02
      4400  2.200000E+01        38
  2.482298E+05  3.028792E+02 -6.968910E+04  4.611372E+03 -7.430047E+04
  0.000000E+00  0.000000E+00  0.000000E+00  0.000000E+00 -6.770678E+04
  0.000000E+00  5.645208E+04 -1.828696E+05  8.079519E+04  0.000000E+00
  0.000000E+00  1.585265E+05  0.000000E+00  2.366203E+05  0.000000E+00
  0.000000E+00  0.000000E+00  9.000000E+01  9.000000E+01  9.000000E+01
  0.000000E+00 -3.041990E+00  1.214244E+02  1.233972E+02  3.108286E+02
 -2.247330E-02  3.590075E-01 -2.247330E-02  3.065342E+02  2.044798E+00
  3.590075E-01  2.044798E+00  3.035328E+02
      4500  2.250000E+01        38
  2.512805E+05  3.119829E+02 -7.157846E+04  4.203570E+03 -7.578203E+04
  0.000000E+00  0.000000E+00  0.000000E+00  0.000000E+00 -6.610160E+04
  0.000000E+00  4.784401E+04 -1.773760E+05  7.413937E+04  0.000000E+00
  0.000000E+00  1.510806E+05  0.000000E+00  2.366203E+05  0.000000E+00
  0.000000E+00  0.000000E+00  9.000000E+01  9.000000E+01  9.000000E+01
  0.000000E+00 -2.138033E+00  1.243304E+02  1.262041E+02  3.086653E+02
 -8.930030E-01  3.491525E-01 -8.930030E-01  3.058062E+02 -4.212665E-01
  3.491525E-01 -4.212665E-01  3.038717E+02
      4600  2.300000E+01        38
  2.635840E+05  3.044131E+02 -6.837364E+04  4.311015E+03 -7.268466E+04
  0.000000E+00  0.000000E+00  0.000000E+00  0.000000E+00 -6.602986E+04
  0.000000E+00  5.568372E+04 -1.787534E+05  8.040706E+04  0.000000E+00
  0.000000E+00  1.540300E+05  0.000000E+00  2.366203E+05  0.000000E+00
  0.000000E+00  0.000000E+00  9.000000E+01  9.000000E+01  9.000000E+01
  0.000000E+00 -2.955560E+00  1.268422E+02  1.287813E+02  3.060167E+02
  3.317479E+00  7.246656E-02  3.317479E+00  3.081384E+02  6.506893E-01
  7.246656E-02  6.506893E-01  3.064388E+02
      4700  2.350000E+01        38
  2.708040E+05  3.141605E+02 -6.776398E+04  4.483762E+03 -7.224774E+04
  0.000000E+00  0.000000E+00  0.000000E+00  0.000000E+00 -6.293924E+04
  0.000000E+00  5.024901E+04 -1.811459E+05  7.583325E+04  0.000000E+00
  0.000000E+00  1.555616E+05  0.000000E+00  2.366203E+05  0.000000E+00
  0.000000E+00  0.000000E+00  9.000000E+01  9.000000E+01  9.000000E+01
  0.000000E+00 -2.353009E+00  1.299483E+02  1.320935E+02  3.073533E+02
 -2.228090E+00  8.225775E-01 -2.228090E+00  3.056922E+02 -3.858439E+00
  8.225775E-01 -3.858439E+00  3.062304E+02
      4800  2.400000E+01        38
  2.789610E+05  3.148285E+02 -6.683091E+04  4.565671E+03 -7.139659E+04
  0.000000E+00  0.000000E+00  0.000000E+00  0.000000E+00 -6.106730E+04
  0.000000E+00  4.757002E+04 -1.822315E+05  7.531289E+04  0.000000E+00
  0.000000E+00  1.544887E+05  0.000000E+00  2.366203E+05  0.000000E+00
  0.000000E+00  0.000000E+00  9.000000E+01  9.000000E+01  9.000000E+01
  0.000000E+00 -2.088916E+00  1.323678E+02  1.344330E+02  3.051366E+02
  1.747538E+00 -1.695948E+00  1.747538E+00  3.082324E+02 -2.347947E+00
 -1.695948E+00 -2.347947E+00  3.073809E+02
      4900  2.450000E+01        38
  2.848380E+05  2.907523E+02 -7.052375E+04  4.449955E+03 -7.497371E+04
  0.000000E+00  0.000000E+00  0.000000E+00  0.000000E+00 -6.687799E+04
  0.000000E+00  4.896340E+04 -1.808552E+05  7.544923E+04  0.000000E+00
  0.000000E+00  1.543694E+05  0.000000E+00  2.366203E+05  0.000000E+00
  0.000000E+00  0.000000E+00  9.000000E+01  9.000000E+01  9.000000E+01
  0.000000E+00 -2.415158E+00  1.351346E+02  1.372100E+02  3.053256E+02
  6.070979E+00 -4.826143E-01  6.070979E+00  3.084523E+02 -1.072402E+00
 -4.826143E-01 -1.072402E+00  3.051709E+02
      5000  2.500000E+01        38
  2.952772E+05  3.111831E+02 -6.794862E+04  4.456040E+03 -7.240466E+04
  0.000000E+00  0.000000E+00  0.000000E+00  0.000000E+00 -6.445436E+04
  0.000000E+00  5.362703E+04 -1.806518E+05  8.085706E+04  0.000000E+00
  0.000000E+00  1.534218E+05  0.000000E+00  2.366203E+05  0.000000E+00
  0.000000E+00  0.000000E+00  9.000000E+01  9.000000E+01  9.000000E+01
  0.000000E+00 -2.703006E+00  1.375777E+02  1.393973E+02  3.079983E+02
 -4.899637E-01 -3.898428E+00 -4.899637E-01  3.044931E+02 -2.199803E+00
 -3.898428E+00 -2.199803E+00  3.084863E+02
      5100  2.550000E+01        38
  3.003742E+05  3.091926E+02 -7.042733E+04  4.382243E+03 -7.480957E+04
  0.000000E+00  0.000000E+00  0.000000E+00  0.000000E+00 -6.796543E+04
  0.000000E+00  5.631405E+04 -1.796662E+05  7.994974E+04  0.000000E+00
  0.000000E+00  1.560306E+05  0.000000E+00  2.366203E+05  0.000000E+00
  0.000000E+00  0.000000E+00  9.000000E+01  9.000000E+01  9.000000E+01
  0.000000E+00 -2.978401E+00  1.402446E+02  1.421262E+02  3.084057E+02
 -2.227506E+00 -2.419790E+00 -2.227506E+00  3.044985E+02 -1.711790E+00
 -2.419790E+00 -1.711790E+00  3.070936E+02
      5200  2.600000E+01        38
  3.064360E+05  2.988239E+02 -7.104907E+04  4.706626E+03 -7.575569E+04
  0.000000E+00  0.000000E+00  0.000000E+00  0.000000E+00 -6.734928E+04
  0.000000E+00  5.046423E+04 -1.843777E+05  8.053420E+04  0.000000E+00
  0.000000E+00  1.543078E+05  0.000000E+00  2.366203E+05  0.000000E+00
  0.000000E+00  0.000000E+00  9.000000E+01  9.000000E+01  9.000000E+01
  0.000000E+00 -2.495879E+00  1.428777E+02  1.447690E+02  3.078470E+02
 -1.072448E+00 -3.978395E+00 -1.072448E+00  3.046676E+02 -1.571137E-01
 -3.978395E+00 -1.571137E-01  3.091633E+02
      5300  2.650000E+01        38
  3.142215E+05  3.109130E+02 -6.733442E+04  4.564846E+03 -7.189926E+04
  0.000000E+00  0.000000E+00  0.000000E+00  0.000000E+00 -6.105446E+04
  0.000000E+00  4.521430E+04 -1.819116E+05  7.334298E+04  0.000000E+00
  0.000000E+00  1.537829E+05  0.000000E+00  2.366203E+05  0.000000E+00
  0.000000E+00  0.000000E+00  9.000000E+01  9.000000E+01  9.000000E+01
  0.000000E+00 -1.892535E+00  1.456046E+02  1.476092E+02  3.053566E+02
  3.283357E+00 -1.597894E+00  3.283357E+00  3.056622E+02 -9.629607E-01
 -1.597894E+00 -9.629607E-01  3.090991E+02
      5400  2.700000E+01        38
  3.176143E+05  3.030089E+02 -6.978892E+04  4.544471E+03 -7.433339E+04
  0.000000E+00  0.000000E+00  0.000000E+00  0.000000E+00 -6.410018E+04
  0.000000E+00  4.535957E+04 -1.817161E+05  7.284388E+04  0.000000E+00
  0.000000E+00  1.542318E+05  0.000000E+00  2.366203E+05  0.000000E+00
  0.000000E+00  0.000000E+00  9.000000E+01  9.000000E+01  9.000000E+01
  0.000000E+00 -1.969485E+00  1.482979E+02  1.502475E+02  3.122430E+02
  3.470672E+00 -2.012936E+00  3.470672E+00  3.060020E+02 -6.722460E-01
 -2.012936E+00 -6.722460E-01  3.013502E+02
      5500  2.750000E+01        38
  3.269103E+05  3.129184E+02 -6.683382E+04  4.220895E+03 -7.105471E+04
  0.000000E+00  0.000000E+00  0.000000E+00  0.000000E+00 -6.127622E+04
  0.000000E+00  4.779455E+04 -1.774278E+05  7.531143E+04  0.000000E+00
  0.000000E+00  1.499110E+05  0.000000E+00  2.366203E+05  0.000000E+00
  0.000000E+00  0.000000E+00  9.000000E+01  9.000000E+01  9.000000E+01
  0.000000E+00 -2.125809E+00  1.508223E+02  1.526787E+02  3.075146E+02
 -2.399889E+00  2.550115E+00 -2.399889E+00  3.077936E+02 -1.302687E+00
  2.550115E+00 -1.302687E+00  3.053499E+02
      5600  2.800000E+01        38
  3.323897E+05  3.168461E+02 -6.822881E+04  4.560303E+03 -7.278911E+04
  0.000000E+00  0.000000E+00  0.000000E+00  0.000000E+00 -6.279401E+04
  0.000000E+00  4.897211E+04 -1.820813E+05  7.485361E+04  0.000000E+00
  0.000000E+00  1.561998E+05  0.000000E+00  2.366203E+05  0.000000E+00
  0.000000E+00  0.000000E+00  9.000000E+01  9.000000E+01  9.000000E+01
  0.000000E+00 -2.208290E+00  1.533093E+02  1.553568E+02  3.048359E+02
  8.742738E-01  3.268001E+00  8.742738E-01  3.052485E+02  2.135700E-01
  3.268001E+00  2.135700E-01  3.090601E+02
      5700  2.850000E+01        38
  3.385084E+05  3.048124E+02 -7.000099E+04  4.271628E+03 -7.427262E+04
  0.000000E+00  0.000000E+00  0.000000E+00  0.000000E+00 -6.657055E+04
  0.000000E+00  5.250601E+04 -1.782052E+05  7.770974E+04  0.000000E+00
  0.000000E+00  1.530015E+05  0.000000E+00  2.366203E+05  0.000000E+00
  0.000000E+00  0.000000E+00  9.000000E+01  9.000000E+01  9.000000E+01
  0.000000E+00 -2.645434E+00  1.556745E+02  1.577389E+02  3.055896E+02
  3.402307E+00  9.265702E-01  3.402307E+00  3.115434E+02 -2.101719E+00
  9.265702E-01 -2.101719E+00  3.019910E+02
      5800  2.900000E+01        38
  3.458983E+05  3.063502E+02 -6.881747E+04  4.592875E+03 -7.341034E+04
  0.000000E+00  0.000000E+00  0.000000E+00  0.000000E+00 -6.332196E+04
  0.000000E+00  4.662764E+04 -1.826705E+05  7.463233E+04  0.000000E+00
  0.000000E+00  1.546658E+05  0.000000E+00  2.366203E+05  0.000000E+00
  0.000000E+00  0.000000E+00  9.000000E+01  9.000000E+01  9.000000E+01
  0.000000E+00 -2.065376E+00  1.588235E+02  1.609725E+02  3.069308E+02
  2.576262E+00 -2.405478E-01  2.576262E+00  3.087087E+02  7.732435E-01
 -2.405478E-01  7.732435E-01  3.045273E+02
      5900  2.950000E+01        38
  3.538038E+05  2.950853E+02 -6.811519E+04  4.250699E+03 -7.236589E+04
  0.000000E+00  0.000000E+00  0.000000E+00  0.000000E+00 -6.406965E+04
  0.000000E+00  4.865673E+04 -1.778337E+05  7.388969E+04  0.000000E+00
  0.000000E+00  1.526007E+05  0.000000E+00  2.366203E+05  0.000000E+00
  0.000000E+00  0.000000E+00  9.000000E+01  9.000000E+01  9.000000E+01
  0.000000E+00 -2.351044E+00  1.617910E+02  1.637194E+02  3.087312E+02
 -1.000702E-01  1.801964E+00 -1.000702E-01  3.067398E+02  5.708651E-01
  1.801964E+00  5.708651E-01  3.038064E+02
      6000  3.000000E+01        38
  3.594820E+05  3.150373E+02 -6.859793E+04  4.431052E+03 -7.302899E+04
  0.000000E+00  0.000000E+00  0.000000E+00  0.000000E+00 -6.214216E+04
  0.000000E+00  4.553653E+04 -1.803209E+05  7.191638E+04  0.000000E+00
  0.000000E+00  1.539411E+05  0.000000E+00  2.366203E+05  0.000000E+00
  0.000000E+00  0.000000E+00  9.000000E+01  9.000000E+01  9.000000E+01
  0.000000E+00 -1.890831E+00  1.640688E+02  1.659546E+02  3.069649E+02
  4.794389E-01  1.185000E+00  4.794389E-01  3.099535E+02  7.052653E-01
  1.185000E+00  7.052653E-01  3.017276E+02
      6100  3.050000E+01        38
  3.663068E+05  3.093048E+02 -6.890264E+04  4.486381E+03 -7.338902E+04
  0.000000E+00  0.000000E+00  0.000000E+00  0.000000E+00 -6.461345E+04
  0.000000E+00  5.085528E+04 -1.812276E+05  7.751300E+04  0.000000E+00
  0.000000E+00  1.545699E+05  0.000000E+00  2.366203E+05  0.000000E+00
  0.000000E+00  0.000000E+00  9.000000E+01  9.000000E+01  9.000000E+01
  0.000000E+00 -2.450223E+00  1.669281E+02  1.688341E+02  3.092919E+02
  2.557903E+00 -1.980970E+00  2.557903E+00  3.111873E+02 -1.102897E+00
 -1.980970E+00 -1.102897E+00  2.997719E+02
      6200  3.100000E+01        38
  3.723935E+05  3.021037E+02 -7.066045E+04  4.383484E+03 -7.504393E+04
  0.000000E+00  0.000000E+00  0.000000E+00  0.000000E+00 -6.772687E+04
  0.000000E+00  5.343857E+04 -1.798019E+05  7.758584E+04  0.000000E+00
  0.000000E+00  1.556546E+05  0.000000E+00  2.366203E+05  0.000000E+00
  0.000000E+00  0.000000E+00  9.000000E+01  9.000000E+01  9.000000E+01
  0.000000E+00 -2.757075E+00  1.696604E+02  1.716777E+02  3.023866E+02
  2.710892E+00  1.130682E+00  2.710892E+00  3.144980E+02 -2.782630E+00
  1.130682E+00 -2.782630E+00  3.028657E+02
      6300  3.150000E+01        38
  3.801710E+05  3.038970E+02 -6.920747E+04  4.206831E+03 -7.341430E+04
  0.000000E+00  0.000000E+00  0.000000E+00  0.000000E+00 -6.686700E+04
  0.000000E+00  5.558736E+04 -1.773426E+05  8.013803E+04  0.000000E+00
  0.000000E+00  1.527919E+05  0.000000E+00  2.366203E+05  0.000000E+00
  0.000000E+00  0.000000E+00  9.000000E+01  9.000000E+01  9.000000E+01
  0.000000E+00 -2.950361E+00  1.724901E+02  1.746813E+02  3.066576E+02
 -3.590920E-01  3.110640E+00 -3.590920E-01  3.055082E+02 -1.249894E+00
  3.110640E+00 -1.249894E+00  3.086613E+02
      6400  3.200000E+01        38
  3.926375E+05  2.936028E+02 -6.747476E+04  4.127508E+03 -7.160227E+04
  0.000000E+00  0.000000E+00  0.000000E+00  0.000000E+00 -6.748895E+04
  0.000000E+00  6.053052E+04 -1.763322E+05  8.294091E+04  0.000000E+00
  0.000000E+00  1.539218E+05  0.000000E+00  2.366203E+05  0.000000E+00
  0.000000E+00  0.000000E+00  9.000000E+01  9.000000E+01  9.000000E+01
  0.000000E+00 -3.509785E+00  1.754230E+02  1.773029E+02  3.066297E+02
 -1.828100E+00 -1.549367E+00 -1.828100E+00  3.047618E+02  3.962627E+00
 -1.549367E+00  3.962627E+00  3.099112E+02
      6500  3.250000E+01        38
  4.019523E+05  3.007079E+02 -6.824822E+04  4.494479E+03 -7.274270E+04
  0.000000E+00  0.000000E+00  0.000000E+00  0.000000E+00 -6.352416E+04
  0.000000E+00  4.777957E+04 -1.813291E+05  7.568167E+04  0.000000E+00
  0.000000E+00  1.534270E+05  0.000000E+00  2.366203E+05  0.000000E+00
  0.000000E+00  0.000000E+00  9.000000E+01  9.000000E+01  9.000000E+01
  0.000000E+00 -2.221559E+00  1.784330E+02  1.803458E+02  3.080045E+02
 -5.854724E-01  2.193267E+00 -5.854724E-01  3.072252E+02  2.661987E-01
  2.193267E+00  2.661987E-01  3.049555E+02
      6600  3.300000E+01        38
  4.117876E+05  3.222936E+02 -6.586487E+04  4.209938E+03 -7.007481E+04
  0.000000E+00  0.000000E+00  0.000000E+00  0.000000E+00 -6.324174E+04
  0.000000E+00  5.852941E+04 -1.774280E+05  8.089991E+04  0.000000E+00
  0.000000E+00  1.550575E+05  0.000000E+00  2.366203E+05  0.000000E+00
  0.000000E+00  0.000000E+00  9.000000E+01  9.000000E+01  9.000000E+01
  0.000000E+00 -3.088107E+00  1.813394E+02  1.831659E+02  3.052285E+02
 -9.547331E-01 -2.606619E-01 -9.547331E-01  3.080665E+02 -8.286140E+00
 -2.606619E-01 -8.286140E+00  3.066436E+02
      6700  3.350000E+01        38
  4.166453E+05  3.029542E+02 -6.880487E+04  4.673909E+03 -7.347878E+04
  0.000000E+00  0.000000E+00  0.000000E+00  0.000000E+00 -6.314847E+04
  0.000000E+00  4.544531E+04 -1.839589E+05  7.403211E+04  0.000000E+00
  0.000000E+00  1.553721E+05  0.000000E+00  2.366203E+05  0.000000E+00
  0.000000E+00  0.000000E+00  9.000000E+01  9.000000E+01  9.000000E+01
  0.000000E+00 -1.978202E+00  1.839877E+02  1.859400E+02  3.037611E+02
 -6.338277E-01  6.597291E-01 -6.338277E-01  3.073489E+02 -2.945815E+00
  6.597291E-01 -2.945815E+00  3.093673E+02
      6800  3.400000E+01        38
  4.238892E+05  3.209009E+02 -6.764256E+04  4.329804E+03 -7.197237E+04
  0.000000E+00  0.000000E+00  0.000000E+00  0.000000E+00 -6.218530E+04
  0.000000E+00  4.974011E+04 -1.792317E+05  7.846190E+04  0.000000E+00
  0.000000E+00  1.505099E+05  0.000000E+00  2.366203E+05  0.000000E+00
  0.000000E+00  0.000000E+00  9.000000E+01  9.000000E+01  9.000000E+01
  0.000000E+00 -2.250197E+00  1.872990E+02  1.892395E+02  3.082075E+02
  7.740508E-01 -1.855475E+00  7.740508E-01  3.062584E+02  3.014916E+00
 -1.855475E+00  3.014916E+00  3.062561E+02
