SPC water (256 molecules)                                                       
 ENERGY UNITS=kcal/mol 
         1  5.000000E-03        38
 -5.913937E+04  3.057758E+02 -7.173851E+04  4.736924E+03 -7.647543E+04
  0.000000E+00  0.000000E+00  0.000000E+00  0.000000E+00 -6.754099E+04
  0.000000E+00  5.040327E+04 -1.846893E+05  7.670229E+04  0.000000E+00
  0.000000E+00  1.583903E+05  0.000000E+00  2.366203E+05  0.000000E+00
  0.000000E+00  0.000000E+00  9.000000E+01  9.000000E+01  9.000000E+01
  0.000000E+00 -2.434652E+00  1.116990E-03  1.005076E-02  3.024892E+02
 -2.343319E-01  9.358290E-01 -2.343319E-01  3.069227E+02 -3.671244E+00
  9.358290E-01 -3.671244E+00  3.104955E+02
         2  1.000000E-02        38
 -5.878471E+04  3.018613E+02 -7.122227E+04  4.731974E+03 -7.595424E+04
  0.000000E+00  0.000000E+00  0.000000E+00  0.000000E+00 -6.684870E+04
  0.000000E+00  4.906865E+04 -1.845996E+05  7.657926E+04  0.000000E+00
  0.000000E+00  1.570889E+05  0.000000E+00  2.366203E+05  0.000000E+00
  0.000000E+00  0.000000E+00  9.000000E+01  9.000000E+01  9.000000E+01
  0.000000E+00 -2.336895E+00  1.113514E-03  9.836185E-03  3.028822E+02
 -5.414271E-01  5.482703E-01 -5.414271E-01  3.067505E+02 -3.526003E+00
  5.482703E-01 -3.526003E+00  3.106768E+02
         3  1.500000E-02        38
 -5.931415E+04  3.004605E+02 -7.169303E+04  4.716995E+03 -7.641002E+04
  0.000000E+00  0.000000E+00  0.000000E+00  0.000000E+00 -6.690648E+04
  0.000000E+00  4.754112E+04 -1.843873E+05  7.619499E+04  0.000000E+00
  0.000000E+00  1.557334E+05  0.000000E+00  2.366203E+05  0.000000E+00
  0.000000E+00  0.000000E+00  9.000000E+01  9.000000E+01  9.000000E+01
  0.000000E+00 -2.200495E+00  4.415834E-03  3.750181E-02  3.036613E+02
 -5.283447E-01  2.978716E-01 -5.283447E-01  3.063426E+02 -3.830688E+00
  2.978716E-01 -3.830688E+00  3.103831E+02
         4  2.000000E-02        38
 -5.864999E+04  3.032069E+02 -7.114023E+04  4.694917E+03 -7.583514E+04
  0.000000E+00  0.000000E+00  0.000000E+00  0.000000E+00 -6.612618E+04
  0.000000E+00  4.742445E+04 -1.840906E+05  7.538964E+04  0.000000E+00
  0.000000E+00  1.561254E+05  0.000000E+00  2.366203E+05  0.000000E+00
  0.000000E+00  0.000000E+00  9.000000E+01  9.000000E+01  9.000000E+01
  0.000000E+00 -2.167364E+00  9.817547E-03  7.892154E-02  3.049150E+02
 -4.793646E-01  2.748759E-01 -4.793646E-01  3.056164E+02 -3.267611E+00
  2.748759E-01 -3.267611E+00  3.100071E+02
         5  2.500000E-02        38
 -5.835844E+04  3.066801E+02 -7.098942E+04  4.678122E+03 -7.566754E+04
  0.000000E+00  0.000000E+00  0.000000E+00  0.000000E+00 -6.625095E+04
  0.000000E+00  4.896671E+04 -1.838682E+05  7.554959E+04  0.000000E+00
  0.000000E+00  1.572853E+05  0.000000E+00  2.366203E+05  0.000000E+00
  0.000000E+00  0.000000E+00  9.000000E+01  9.000000E+01  9.000000E+01
  0.000000E+00 -2.288691E+00  1.719657E-02  1.289609E-01  3.054816E+02
 -7.280845E-01  9.492730E-01 -7.280845E-01  3.051984E+02 -2.792980E+00
  9.492730E-01 -2.792980E+00  3.094591E+02
SPC water (256 molecules)                                                       
 ENERGY UNITS=kcal/mol 
         1  5.000000E-03        38
 -5.898027E+04  3.057194E+02 -7.157708E+04  4.736905E+03 -7.631398E+04
  0.000000E+00  0.000000E+00  0.000000E+00  0.000000E+00 -6.731453E+04
  0.000000E+00  5.019657E+04 -1.846890E+05  7.648162E+04  0.000000E+00
  0.000000E+00  1.584039E+05  0.000000E+00  2.366203E+05  0.000000E+00
  0.000000E+00  0.000000E+00  9.000000E+01  9.000000E+01  9.000000E+01
  0.000000E+00 -2.415135E+00  1.116898E-03  1.004799E-02  3.024749E+02
 -1.341277E-01  9.186989E-01 -1.341277E-01  3.069076E+02 -3.684682E+00
  9.186989E-01 -3.684682E+00  3.104721E+02
         2  1.000000E-02        38
 -5.871083E+04  3.017578E+02 -7.114411E+04  4.731760E+03 -7.587587E+04
  0.000000E+00  0.000000E+00  0.000000E+00  0.000000E+00 -6.696573E+04
  0.000000E+00  4.963289E+04 -1.845967E+05  7.705387E+04  0.000000E+00
  0.000000E+00  1.571757E+05  0.000000E+00  2.366203E+05  0.000000E+00
  0.000000E+00  0.000000E+00  9.000000E+01  9.000000E+01  9.000000E+01
  0.000000E+00 -2.392221E+00  1.113387E-03  9.830789E-03  3.029775E+02
 -4.585133E-01  5.781569E-01 -4.585133E-01  3.067855E+02 -3.611501E+00
  5.781569E-01 -3.611501E+00  3.108106E+02
         3  1.500000E-02        38
 -5.920119E+04  3.003051E+02 -7.157364E+04  4.716728E+03 -7.629036E+04
  0.000000E+00  0.000000E+00  0.000000E+00  0.000000E+00 -6.690074E+04
  0.000000E+00  4.785007E+04 -1.843838E+05  7.652207E+04  0.000000E+00
  0.000000E+00  1.557118E+05  0.000000E+00  2.366203E+05  0.000000E+00
  0.000000E+00  0.000000E+00  9.000000E+01  9.000000E+01  9.000000E+01
  0.000000E+00 -2.231575E+00  4.415270E-03  3.747279E-02  3.036543E+02
 -4.832413E-01  3.020262E-01 -4.832413E-01  3.063758E+02 -3.871789E+00
  3.020262E-01 -3.871789E+00  3.105812E+02
         4  2.000000E-02        38
 -5.863532E+04  3.029659E+02 -7.111555E+04  4.694688E+03 -7.581024E+04
  0.000000E+00  0.000000E+00  0.000000E+00  0.000000E+00 -6.610960E+04
  0.000000E+00  4.739908E+04 -1.840877E+05  7.525467E+04  0.000000E+00
  0.000000E+00  1.562321E+05  0.000000E+00  2.366203E+05  0.000000E+00
  0.000000E+00  0.000000E+00  9.000000E+01  9.000000E+01  9.000000E+01
  0.000000E+00 -2.166831E+00  9.816256E-03  7.884343E-02  3.047106E+02
 -4.794821E-01  2.867243E-01 -4.794821E-01  3.056304E+02 -3.353501E+00
  2.867243E-01 -3.353501E+00  3.100510E+02
         5  2.500000E-02        38
 -5.830706E+04  3.062677E+02 -7.092090E+04  4.678156E+03 -7.559906E+04
  0.000000E+00  0.000000E+00  0.000000E+00  0.000000E+00 -6.585189E+04
  0.000000E+00  4.789013E+04 -1.838680E+05  7.507751E+04  0.000000E+00
  0.000000E+00  1.566806E+05  0.000000E+00  2.366203E+05  0.000000E+00
  0.000000E+00  0.000000E+00  9.000000E+01  9.000000E+01  9.000000E+01
  0.000000E+00 -2.187982E+00  1.719450E-02  1.288033E-01  3.057273E+02
 -6.827162E-01  7.578192E-01 -6.827162E-01  3.051035E+02 -2.736998E+00
  7.578192E-01 -2.736998E+00  3.094556E+02
SPC water (256 molecules)                                                       
 ENERGY UNITS=kcal/mol 
         1  5.000000E-03        38
 -5.898027E+04  3.057194E+02 -7.157708E+04  4.736905E+03 -7.631398E+04
  0.000000E+00  0.000000E+00  0.000000E+00  0.000000E+00 -6.731453E+04
  0.000000E+00  5.019657E+04 -1.846890E+05  7.648162E+04  0.000000E+00
  0.000000E+00  1.584039E+05  0.000000E+00  2.366203E+05  0.000000E+00
  0.000000E+00  0.000000E+00  9.000000E+01  9.000000E+01  9.000000E+01
  0.000000E+00 -2.415135E+00  1.116898E-03  1.004799E-02  3.024749E+02
 -1.341277E-01  9.186989E-01 -1.341277E-01  3.069076E+02 -3.684682E+00
  9.186989E-01 -3.684682E+00  3.104721E+02
         2  1.000000E-02        38
 -5.871083E+04  3.017578E+02 -7.114411E+04  4.731760E+03 -7.587587E+04
  0.000000E+00  0.000000E+00  0.000000E+00  0.000000E+00 -6.696573E+04
  0.000000E+00  4.963289E+04 -1.845967E+05  7.705387E+04  0.000000E+00
  0.000000E+00  1.571757E+05  0.000000E+00  2.366203E+05  0.000000E+00
  0.000000E+00  0.000000E+00  9.000000E+01  9.000000E+01  9.000000E+01
  0.000000E+00 -2.392221E+00  1.113387E-03  9.830789E-03  3.029775E+02
 -4.585133E-01  5.781569E-01 -4.585133E-01  3.067855E+02 -3.611501E+00
  5.781569E-01 -3.611501E+00  3.108106E+02
         3  1.500000E-02        38
 -5.920119E+04  3.003051E+02 -7.157364E+04  4.716728E+03 -7.629036E+04
  0.000000E+00  0.000000E+00  0.000000E+00  0.000000E+00 -6.690074E+04
  0.000000E+00  4.785007E+04 -1.843838E+05  7.652207E+04  0.000000E+00
  0.000000E+00  1.557118E+05  0.000000E+00  2.366203E+05  0.000000E+00
  0.000000E+00  0.000000E+00  9.000000E+01  9.000000E+01  9.000000E+01
  0.000000E+00 -2.231575E+00  4.415270E-03  3.747279E-02  3.036543E+02
 -4.832413E-01  3.020262E-01 -4.832413E-01  3.063758E+02 -3.871789E+00
  3.020262E-01 -3.871789E+00  3.105812E+02
         4  2.000000E-02        38
 -5.863532E+04  3.029659E+02 -7.111555E+04  4.694688E+03 -7.581024E+04
  0.000000E+00  0.000000E+00  0.000000E+00  0.000000E+00 -6.610960E+04
  0.000000E+00  4.739908E+04 -1.840877E+05  7.525467E+04  0.000000E+00
  0.000000E+00  1.562321E+05  0.000000E+00  2.366203E+05  0.000000E+00
  0.000000E+00  0.000000E+00  9.000000E+01  9.000000E+01  9.000000E+01
  0.000000E+00 -2.166831E+00  9.816256E-03  7.884343E-02  3.047106E+02
 -4.794821E-01  2.867243E-01 -4.794821E-01  3.056304E+02 -3.353501E+00
  2.867243E-01 -3.353501E+00  3.100510E+02
         5  2.500000E-02        38
 -5.830706E+04  3.062677E+02 -7.092090E+04  4.678156E+03 -7.559906E+04
  0.000000E+00  0.000000E+00  0.000000E+00  0.000000E+00 -6.585189E+04
  0.000000E+00  4.789013E+04 -1.838680E+05  7.507751E+04  0.000000E+00
  0.000000E+00  1.566806E+05  0.000000E+00  2.366203E+05  0.000000E+00
  0.000000E+00  0.000000E+00  9.000000E+01  9.000000E+01  9.000000E+01
  0.000000E+00 -2.187982E+00  1.719450E-02  1.288033E-01  3.057273E+02
 -6.827162E-01  7.578192E-01 -6.827162E-01  3.051035E+02 -2.736998E+00
  7.578192E-01 -2.736998E+00  3.094556E+02
SPC water (256 molecules)                                                       
 ENERGY UNITS=kcal/mol 
         1  5.000000E-03        38
 -5.898027E+04  3.057194E+02 -7.157708E+04  4.736905E+03 -7.631398E+04
  0.000000E+00  0.000000E+00  0.000000E+00  0.000000E+00 -6.731453E+04
  0.000000E+00  5.019657E+04 -1.846890E+05  7.648162E+04  0.000000E+00
  0.000000E+00  1.584039E+05  0.000000E+00  2.366203E+05  0.000000E+00
  0.000000E+00  0.000000E+00  9.000000E+01  9.000000E+01  9.000000E+01
  0.000000E+00 -2.415135E+00  1.116898E-03  1.004799E-02  3.024749E+02
 -1.341277E-01  9.186989E-01 -1.341277E-01  3.069076E+02 -3.684682E+00
  9.186989E-01 -3.684682E+00  3.104721E+02
         2  1.000000E-02        38
 -5.871083E+04  3.017578E+02 -7.114411E+04  4.731760E+03 -7.587587E+04
  0.000000E+00  0.000000E+00  0.000000E+00  0.000000E+00 -6.696573E+04
  0.000000E+00  4.963289E+04 -1.845967E+05  7.705387E+04  0.000000E+00
  0.000000E+00  1.571757E+05  0.000000E+00  2.366203E+05  0.000000E+00
  0.000000E+00  0.000000E+00  9.000000E+01  9.000000E+01  9.000000E+01
  0.000000E+00 -2.392221E+00  1.113387E-03  9.830789E-03  3.029775E+02
 -4.585133E-01  5.781569E-01 -4.585133E-01  3.067855E+02 -3.611501E+00
  5.781569E-01 -3.611501E+00  3.108106E+02
         3  1.500000E-02        38
 -5.920119E+04  3.003051E+02 -7.157364E+04  4.716728E+03 -7.629036E+04
  0.000000E+00  0.000000E+00  0.000000E+00  0.000000E+00 -6.690074E+04
  0.000000E+00  4.785007E+04 -1.843838E+05  7.652207E+04  0.000000E+00
  0.000000E+00  1.557118E+05  0.000000E+00  2.366203E+05  0.000000E+00
  0.000000E+00  0.000000E+00  9.000000E+01  9.000000E+01  9.000000E+01
  0.000000E+00 -2.231575E+00  4.415270E-03  3.747279E-02  3.036543E+02
 -4.832413E-01  3.020262E-01 -4.832413E-01  3.063758E+02 -3.871789E+00
  3.020262E-01 -3.871789E+00  3.105812E+02
         4  2.000000E-02        38
 -5.863532E+04  3.029659E+02 -7.111555E+04  4.694688E+03 -7.581024E+04
  0.000000E+00  0.000000E+00  0.000000E+00  0.000000E+00 -6.610960E+04
  0.000000E+00  4.739908E+04 -1.840877E+05  7.525467E+04  0.000000E+00
  0.000000E+00  1.562321E+05  0.000000E+00  2.366203E+05  0.000000E+00
  0.000000E+00  0.000000E+00  9.000000E+01  9.000000E+01  9.000000E+01
  0.000000E+00 -2.166831E+00  9.816256E-03  7.884343E-02  3.047106E+02
 -4.794821E-01  2.867243E-01 -4.794821E-01  3.056304E+02 -3.353501E+00
  2.867243E-01 -3.353501E+00  3.100510E+02
         5  2.500000E-02        38
 -5.830706E+04  3.062677E+02 -7.092090E+04  4.678156E+03 -7.559906E+04
  0.000000E+00  0.000000E+00  0.000000E+00  0.000000E+00 -6.585189E+04
  0.000000E+00  4.789013E+04 -1.838680E+05  7.507751E+04  0.000000E+00
  0.000000E+00  1.566806E+05  0.000000E+00  2.366203E+05  0.000000E+00
  0.000000E+00  0.000000E+00  9.000000E+01  9.000000E+01  9.000000E+01
  0.000000E+00 -2.187982E+00  1.719450E-02  1.288033E-01  3.057273E+02
 -6.827162E-01  7.578192E-01 -6.827162E-01  3.051035E+02 -2.736998E+00
  7.578192E-01 -2.736998E+00  3.094556E+02
